
0x1802e3dc0

Learning Rate : 0.5 : Iterations : 10

Expected Output : Actual Output
0 0 0 0 0 0 0 0 1 0 : 0 0 0 0 0 0 0 0 0.820904 0 

0 1 0 0 0 0 0 0 0 0 : 0 0.438483 0 0 0.20774 0 0 0 0 0.583568 

0 0 0 0 1 0 0 0 0 0 : 0 0 0 0 1 0 0 0 0 0 

0 0 0 0 0 1 0 0 0 0 : 0 0 0 0 0 1 0 0 0 0 

0 0 0 0 1 0 0 0 0 0 : 0 0 0 0 1 0 0 0 0 0 

0 0 0 0 0 0 0 0 1 0 : 0 0 0 0 0 0 0 0 1 0 

0 0 0 1 0 0 0 0 0 0 : 0 0 0 0.863317 0 0 0 0 0.105989 0 

0 1 0 0 0 0 0 0 0 0 : 0 0.880644 0 0 0 0 0 0 0.145372 0 

0 0 0 0 0 0 1 0 0 0 : 0 0 0 0 0 0 1 0 0 0 

0 0 0 0 0 1 0 0 0 0 : 0 0 0 0 0 1 0 0 0 0 


Thu Dec 13 14:12:33 2018


Learning Rate : 0.5 : Iterations : 10

Expected Output : Actual Output
0 0 0 0 0 0 0 0 1 0 : 0 0 0 0 0 0 0 0 0.679682 0 

0 1 0 0 0 0 0 0 0 0 : 0 1 0 0 0 0 0 0 0 0 

0 0 0 0 1 0 0 0 0 0 : 0 0 0 0 1 0 0 0 0 0 

0 0 0 0 0 1 0 0 0 0 : 0 0 0 0 0 1 0 0 0 0 

0 0 0 0 1 0 0 0 0 0 : 0 0 0 0 1 0 0 0 0 0 

0 0 0 0 0 0 0 0 1 0 : 0 0 0 0 0 0 0 0 1 0 

0 0 0 1 0 0 0 0 0 0 : 0 0 0 0.658409 0 0 0 0 0.35212 0.102495 

0 1 0 0 0 0 0 0 0 0 : 0 0.769117 0 0 0 0 0 0.148606 0 0 

0 0 0 0 0 0 1 0 0 0 : 0 0 0 0 0 0 1 0 0 0 

0 0 0 0 0 1 0 0 0 0 : 0 0 0 0 0 1 0 0 0 0 


Thu Dec 13 14:20:04 2018


Learning Rate : 0.5 : Iterations : 10

Expected Output : Actual Output
0 0 0 0 0 0 0 0 1 0 : 0 0 0 0 0 0 0 0 0.607633 0 

0 1 0 0 0 0 0 0 0 0 : 0 1 0 0 0 0 0 0 0 0 

0 0 0 0 1 0 0 0 0 0 : 0 0 0 0 1 0 0 0 0 0 

0 0 0 0 0 1 0 0 0 0 : 0 0 0 0 0 1 0 0 0 0 

0 0 0 0 1 0 0 0 0 0 : 0 0 0 0 1 0 0 0 0 0 

0 0 0 0 0 0 0 0 1 0 : 0 0 0 0 0 0 0 0 1 0 

0 0 0 1 0 0 0 0 0 0 : 0 0 0 0.846073 0 0 0 0 0 0 

0 1 0 0 0 0 0 0 0 0 : 0 0.5162 0.488074 0 0 0 0 0 0 0 

0 0 0 0 0 0 1 0 0 0 : 0 0 0 0 0 0 1 0 0 0 

0 0 0 0 0 1 0 0 0 0 : 0 0 0 0 0 1 0 0 0 0 

Total Loss : 3.18902e-08 8.52401e-06 6.5033e-08 1.03727e-05 1.11422e-06 7.8998e-05 1.33226e-05 4.44775e-07 0.000137777 7.67007e-05 


Wed Sep 11 16:43:21 2019


Learning Rate : 0.5 : Iterations : 10

Expected Output : Actual Output
0 0 0 0 0 0 0 0 1 0 : 0 0 0 0 0 0 0 0 0.650671 0 

0 1 0 0 0 0 0 0 0 0 : 0 0.670495 0 0 0.491465 0 0 0 0 0 

0 0 0 0 1 0 0 0 0 0 : 0 0 0 0 1 0 0 0 0 0 

0 0 0 0 0 1 0 0 0 0 : 0 0 0 0 0 1 0 0 0 0 

0 0 0 0 1 0 0 0 0 0 : 0 0 0 0 1 0 0 0 0 0 

0 0 0 0 0 0 0 0 1 0 : 0 0 0 0 0 0 0 0 1 0 

0 0 0 1 0 0 0 0 0 0 : 0 0 0 0.893757 0 0 0 0 0.115571 0 

0 1 0 0 0 0 0 0 0 0 : 0 0.340967 0 0 0.470938 0 0 0 0 0 

0 0 0 0 0 0 1 0 0 0 : 0 0 0 0 0 0 1 0 0 0 

0 0 0 0 0 1 0 0 0 0 : 0 0 0 0 0 1 0 0 0 0 

